-0.8832129284027604 0.5001812022877804
-0.07372903147904081 -0.4322902075176374
-0.33214580669134974 -0.34004798269510655
0.25277284150865414 -1.342341289751859
0.04376277108116966 0.469952061248102
-0.11891665199660867 -0.6006597698095122
0.20096966770046096 -0.5019931390138064
2.178768564396368 1.5551597369991692
-1.7410257737038979 2.1794802433201435
0.4123585077614124 -0.23429089517197044
-0.02684106973793123 0.3781983282830752
-0.08138634093167997 1.3658320717098447
1.9763101454098349 1.4598547084086384
-1.2807032279675648 0.617378773344052
0.9510642721771313 -2.1251399988198085
-0.8700281410901539 0.5944908545500012
-1.2742671259828606 1.040131488418481
-0.2660031423515009 -0.14789169138855401
0.5277206545339174 -0.09849913264120994
-1.3455064457209907 -1.3167879245348628
0.77804692384675 0.38597261263252347
0.01872463261435695 0.10368017156503054
-0.5555206534509677 0.5321757919625857
-0.12075389156030243 -0.6117546479503435
-0.403135798733316 -1.0728519361070001
0.2017882620088373 -0.6308074389395585
-0.1797815632791134 -0.7439256318391861
0.4118472044154291 1.645143090441826
-1.4566401049284476 0.482989033231755
-0.48617398188212196 1.3671936621385254
1.173064525505622 0.40708656196983206
0.1869944151954593 0.8578945619220941
0.429570205870193 0.7264641700225034
-1.2232394909059816 2.1349839881597568
0.6650718085409719 0.41770174466380183
0.7484864381223928 0.7947211359365087
0.04315892415084287 0.15870032829290195
-2.9422696785696068 0.02245311055914615
0.5745517468347479 1.4626358191167124
-0.47773780504863517 -1.3602343306907971
-0.448036627340516 -0.795029829027382
-0.4364584741375741 0.848544612822413
-0.5473417376182813 -0.14175887728311662
-1.7203886787387768 -1.6118686761027745
-0.6739260085196555 -1.2148097920289485
-0.654920800143965 2.07974034723737
-1.0236038971638555 0.6332612913389944
-0.16302465944242403 0.18706270769110495
1.1552213756714702 -0.6289828700099442
-0.7485520569654391 1.918458347047572
-1.3923256657822782 -0.1317338191722272
-0.4127641638451612 0.6328780363042292
0.4373615548053214 1.1088081815138253
-2.19009091218241 0.6944527902069311
0.28841993141758104 -0.119785803935665
-1.3025206957410678 -0.19205271540041147
0.47974202317358783 -0.9991769544100948
-0.11092646510372861 -0.1752268552118643
-0.44743460095107873 1.4519548268668143
-0.5488563810668565 0.23959553052014176
0.695236977674161 -0.4679246747932353
0.1640748212095005 -0.4882969543887569
1.4212411729881362 -0.8008629043900378
-0.990761565479376 0.8618996104195779
-1.5420119017380112 0.5589353240809579
-0.3702666560621935 1.035370175273931
-1.3217799473737315 -0.9562454909923894
0.18453908708878417 0.19101090206007681
1.4369595656617185 0.7786823604665194
0.003152091989597653 0.40535667223892724
-1.1010989798784125 1.6716479556627035
3.373330339728401 0.4679509538556788
-1.0066159551414113 0.3764849678478071
-0.831978457248294 -0.8641470776431568
2.1263269273683303 0.7402614326047615
0.11441195989381356 -0.5120393907885396
0.8954099715218359 0.22945715536842884
0.1967026287081269 0.1595727367317602
-2.1076107953662206 -1.1798624143494683
0.6752411029804914 -1.1265191124570166
-0.001050905626097644 0.6545326929185942
2.449028703799531 1.317412473824233
0.373023660156477 -0.8626188085134621
1.7371438552196086 -0.38997434682959
-2.47009874496339 -0.29855909035957223
-0.3179785690959812 -0.2998713333704817
0.9633120883295232 -1.8107160688109825
0.7284078056107175 0.6237914334493851
1.5412416935095623 0.2362112477450792
0.6176337210127526 -0.5944361965852999
-0.9176723781666614 1.0521275379384025
0.4825719187932426 -0.17967425316454344
-0.3541297427394478 -0.41637861192618003
-0.3261856467847429 1.4742332348369904
-2.185883432652058 -0.22811438408910337
-0.09701911577118132 0.6137549484495646
-0.026275364513699568 0.3336011419936521
-0.5848405056539892 2.1589582723698237
0.595808075128358 0.6029360403505973
0.48300741236214273 -0.9070965404631943
10.193658455695653 11.2131913043827
11.198219515843727 10.283095288165892
11.105027423797019 9.426571717198039
10.679188934841815 8.87478660955775
9.920761311045313 9.90065193970837
10.52351518183471 10.585599071019136
9.399673948934351 10.650274931267335
11.549068610207412 9.993841164240267
10.896077873466753 10.061971177768488
8.713634452706815 9.722319180542495
9.993384862987668 8.21347946345946
10.745753733529646 9.522181741339196
9.39217650876189 9.479014623856761
11.711727744763818 10.05003325612273
9.040059772001303 11.020780877581192
11.07463221177783 9.815772485452706
9.717620920843864 7.71508529614759
9.007614519919803 12.329403700008008
9.519195904502611 10.088728835567329
10.028987740533996 10.53083316726014
10.83605416853861 11.51616076410687
10.303082621310045 8.759236403255962
10.68166715490143 10.778746567932496
7.786295406965811 11.03648697806117
10.088236057030068 9.505429712901297
11.02108110659198 8.713818521528989
9.934044530745293 10.905103736731506
13.499053828089288 10.120826863782593
8.38173780052976 8.580843293396947
10.011808491388445 9.99750232902775
8.794761791592993 10.211925051049322
9.832539720141158 10.025909237913705
10.87275060477781 11.035992030240038
8.674482378880892 9.337121721624197
10.757908225450919 8.69205066503798
11.533939797427108 12.165094746582945
10.51700417604209 9.827275309086536
11.380669568321009 11.618009970307872
10.691702818000852 8.60876249222661
10.736282792517313 8.273170930896208
8.797894045258394 11.048579058142494
10.408061275366506 10.616718821213404
11.131678049250187 10.332387051639943
11.447835928475788 10.774066258558927
11.200080624509821 8.429803665472113
7.890366719302482 8.940652116363186
10.833663006143382 11.009975235814808
11.140616917612668 8.651917238593175
12.450761316621131 10.743773444103246
10.617553310677046 10.33531276920089
11.50839839592214 11.703098681160643
12.012209194576315 10.024809147677848
8.290476422671983 7.9270061394375935
11.455278598103675 11.160888861108848
11.645231136817225 10.14754202878863
10.10617627807012 9.012587769490771
8.887743617388853 10.501532339961692
9.907501426257053 9.774202872590958
9.470456719201188 12.357333004517812
10.742959529219208 9.982617392810885
10.422103217559215 8.7600418452064
11.125357656340995 10.254753086680399
9.46623147918334 9.596882056292955
9.174178453085853 9.550892589314001
11.071192412818641 11.518740761563423
8.514524437802597 9.369697122672175
9.111438907937254 10.233318314096584
8.501208630367511 10.034604066950859
9.899866491783884 10.883535217782537
11.951659890346574 10.104644975071437
9.900190404118073 10.27711241776715
10.478021025020329 11.409520072537106
9.660118735547758 10.747211389562011
8.959553279419833 11.193193211471279
9.854061442311759 9.815732445905134
10.811519426937227 10.640202065975538
11.052460649260809 12.401246779822275
11.016309026983924 10.860402008022062
8.047060687573982 10.04001250953195
11.544978036780295 9.516992503592206
11.306184862334232 8.350140631121283
9.624254101862517 9.900579228691676
11.60331055574717 10.418321910921936
9.31752668534442 10.781159353163144
9.53319595033509 10.314351080604327
10.319705470371488 10.351074023713972
11.420971550671377 9.800660098228917
9.982414295076419 8.243300594869678
9.541607504792575 11.703350398927505
9.559012063852292 10.816222121159488
10.11088466406598 9.473531104577257
9.920253726084121 10.43299459336544
10.006954215388296 8.536335148002383
9.527637816948461 10.91549989696421
9.455534555287146 10.831151186856324
10.311757401881582 10.674890875600546
10.512557907824851 10.580933715273375
10.110703691409254 10.675259205056358
10.194348215050024 10.683156420440543
11.290836903433759 9.531614999285988
0.5592363125825963 10.321795035808801
1.5324952519277644 9.558784445419272
2.2396689372399736 11.358616726847211
3.0822703310097905 11.22587993493057
0.6747474000117062 10.863597153800098
0.6789997529126972 9.375016115121939
1.4748468616605437 7.949200284129539
1.7403754083068317 8.71762505123493
2.405192141141009 9.717145075640822
2.19482557440842 10.929113220825176
2.3608434698161034 9.603946547239183
3.2755944754840134 9.581997719699999
0.3232477238943354 10.353519853121023
0.8064113875923749 10.511269548394203
3.390364960735379 9.985629518515259
2.3602753143620694 9.878187407580176
0.9028286365621623 10.822866101465323
3.058574203431348 8.54411652698823
3.661501576216286 10.080747084705322
1.928166590710974 9.57583503308507
2.501093772689276 11.413830806669793
1.249763051339173 9.433179314461036
1.6125324868571531 10.939593919296726
2.273918698754329 10.615363319933122
0.7829834174020645 8.033163307961315
1.5537994077113306 9.298170204617414
3.151654532245982 7.464933665912954
1.9949445407804829 10.167502316891957
2.086556947562972 9.283195092029544
0.7331752153672337 10.347348837852483
3.018298254827183 10.875445483403277
3.7360579328052523 9.303186779924546
3.1110011794850303 11.072642520169264
1.3662531305067596 9.921648370388224
2.6013781816666164 10.367485151399006
1.9193602070167723 8.748372612667145
3.408194455234269 9.849988123182566
1.2684518606380986 9.307175807000755
2.529181320013892 9.900962763931869
1.777472355412579 9.874730453743526
1.390563175117682 10.967270808786242
1.436416457933517 12.232263401061289
1.560668334764943 8.465509482411264
2.841729982504705 10.244825268094575
1.844291362793449 10.11954423872058
3.8390614201483224 10.15250602991853
1.026048830345817 12.526805886309301
1.9998562922264083 9.921005365352887
2.8461358244230404 10.644574437465575
3.2697117807909373 9.975460902097717
10.389166587850026 -0.0006753685310711098
14.014408043428777 -0.9643415234281884
10.649378376263334 3.7258479051189948
9.52544911282405 1.9391417675629306
10.229640863943784 -0.0466670916528182
8.87869466586683 0.0819027430663674
8.913964357159827 -0.23336525072249747
10.341449577030666 1.5488078075465783
7.332807898411572 4.069237018451196
9.16043817053075 0.8486458679076356
10.443862037021225 1.0727617648394876
9.139347439201481 0.727982620043547
9.672964880152431 -0.19186860297818517
10.782540863758001 1.2914497102050746
6.243662316344313 2.3551669279638268
10.624009607207281 1.156269442937622
10.869543939321984 0.4792019449965019
12.804494283325209 -3.7133656576143474
7.7708747449467985 2.6642070191436016
10.864910886943894 -0.5838432458643097
5.9241769293006685 -0.03591327591135921
8.611626804946408 -2.232608176786492
10.721953818773665 0.2910427040022137
10.461807206523792 0.9053297577929403
10.376037924729506 0.8589305322785807
13.488381228533342 -2.123767942323562
8.78503788349575 3.1502081707995004
10.457706413297938 2.1700159859863737
9.57302678953604 0.09338448496033475
11.139055585609608 -1.4446190660814668
14.410367778988082 3.1052876094290296
9.172808007308118 0.19495585314830502
7.948169098258521 0.23474142924133376
10.40025488574462 -1.5874009246107086
6.04253737026286 0.9007092246045324
9.841127269641412 2.3242559016848614
10.248900843659742 -1.109864796847858
8.586740039741462 -1.356070977183876
10.60577128421396 -0.789574635646319
8.373839469029551 1.4872737326124479
6.880485688361063 -2.602528653436119
12.75913654521851 1.3161320982794074
11.374174852450228 1.3913808836502615
8.872409539543273 -1.4640107459953406
11.434805332166164 -1.5585149498026434
5.396956200773386 0.2663660035678557
9.863483078549464 -1.228120543678869
13.86735033927262 2.9197987710307602
9.832182892395858 0.9154253018962902
9.298351449845994 -1.5028778601870219
8.243258094376051 0.8022029448278524
9.7565195128098 2.6623900556270823
7.032341288889167 -1.6355553040601385
8.726097004885775 -0.49259514605484606
11.304370338771504 -6.847433263298515
7.702448607205907 1.0053564809226174
7.685973112173645 1.655196253421303
9.814384053530837 -2.9136603285251437
11.242685500703482 1.0367443673988914
8.501093911635879 0.20687824868253557
9.75162241864748 -1.1788516989458344
8.397921188199568 1.1824514511786481
6.836754176537786 2.5487622462075805
9.074740019054202 -1.0208643518510045
9.604122020270006 -1.4607521097530265
10.22144678072023 2.132003853196563
8.079993055678129 -2.4601237808309757
9.098069279475956 -1.6467616755546814
8.198402943414806 -1.9087394534232436
11.227577429642256 1.2441023214812315
7.6563587469347425 3.4510890379243833
3.7731127683691374 3.9049491661726408
8.370647121944867 -3.0135920338145685
9.700047842338936 3.0045403089477456
10.68993789272499 0.9754760578969719
9.220517118234152 4.470047820710423
10.533278317032021 -5.784653012920356
10.524781104696581 2.7125292126384473
7.97181397046237 -3.0927275606711984
12.26653690385064 1.4725192689283455
6.781881399685346 -1.7355879587637197
10.05583839079397 2.1716440454568837
13.604049125990434 -1.2842702751091648
9.223491699504077 0.7982052036486941
9.558813264814354 -1.7976753374890557
6.761523060279462 -2.328791499840006
10.343442358314476 0.2517116149086607
9.035425617882751 0.24015486188253637
10.431965198721477 0.9811415363926093
12.125491654478909 -0.7447446400843607
10.21809138417765 0.23007232043890538
8.59951411223107 0.8163477354299539
10.231615528467623 -1.6633994167244983
9.473624710969068 -3.1029090084336013
8.816964059962032 -0.19890393198290818
9.434560550489634 4.832257309604773
9.62719084748493 -0.8241965281952246
10.151241100468441 2.955696528050047
10.388981049366583 -2.5219877018608
9.998431528564506 -2.2095107910457097
5.529563294855467 4.395976601721065
6.240675704583078 5.1256105919848185
5.460254840083313 4.87756877353248
5.3517699302895085 4.179515060321156
4.906569593305916 5.241620239357057
5.3446282133015295 4.787265045349876
4.855528357711076 4.491726674750776
5.17915101263331 5.710784518903191
4.386939494847409 4.133932000014818
5.326560912613455 4.805811100709817
5.542527374909592 5.357757730918643
4.859715987678558 4.462658785827744
5.512884367083408 5.8905098624185825
5.095030564832643 5.097970254445668
5.0517010749516515 5.153870148579202
5.270778455163688 5.209465340935021
5.138284817175628 5.8213778216803505
4.553853923305456 4.922636131964619
4.808652963521452 4.607575178863174
5.369376862307984 6.41010384960106
4.91698259627663 4.261480503372623
5.259896350858439 5.788791821825269
5.037581888280267 4.840526324253107
5.6168258543007985 4.137484481831878
4.729533957468503 5.589815768852983
5.770719518102264 4.685272471028
5.018860031584119 5.713632381506006
4.667554099629687 4.778456943757609
4.784685098277053 4.822076148607672
4.625613083848714 4.792907576996224
4.9201824505523675 5.0628883184528215
4.737496793261742 5.119140725181021
4.725414004227061 4.559261033585358
4.2664224309376415 4.355838959857567
5.861977355667793 4.767336295167443
4.791417903714007 4.932934218203204
4.107797889807278 4.950687012482249
5.165078003555289 4.78827231555944
5.313988386720621 4.994390408464425
4.775315825287411 5.600923157562387
4.236537940373591 4.790331964997411
5.212603849012867 5.334211311530563
5.939399681046449 4.614129047517127
5.929177156263316 5.373863882181844
4.858740715393403 5.083898556382769
5.81569675032301 5.029576409950654
4.524971059016229 5.219516291426009
5.170776014211229 5.4445372231812765
4.736957413219803 4.932044038154012
5.319906560900503 4.069303496402016
4.732687330460679 5.454647069121304
4.864493436191053 4.236096106256575
4.164353857919156 5.493628931649292
4.913834497283797 4.785023667862516
5.162064128510627 4.639185012939953
4.293097522366183 5.640711975736578
5.44963735046666 5.463347003842311
4.328039591491472 5.194966481394712
4.858865332269891 5.68309826005162
5.538748252477548 4.119911364791824
5.065195965437102 4.917958030460814
5.313150562435453 5.937894664191326
5.295799318752886 5.388725187494078
4.971182614528547 5.2595818543088395
4.94949222638189 5.425114358415557
5.147958351962053 4.90022510313989
5.392702269816697 5.268648432995205
5.110534884791413 5.0848162896930384
5.497634073306941 4.497551435395357
5.216351336482564 5.314446319037812
5.472677977893008 4.680272097299089
5.006855814242213 5.085349100031761
4.512713860978741 5.791765053754208
5.477741099058879 4.694411792956303
4.5516805066704755 5.015678714784159
4.7099695413563145 4.85134366632874
4.89094090423778 5.223680591983989
4.987661240216248 5.797361016782541
4.865555393544598 4.980168170432552
5.0693161984317205 5.332115285972821
5.677886571257633 5.774063781101892
4.461117425559838 4.905110464578811
4.941824860702397 4.634533921984927
4.968640928485406 4.108741578196975
4.725296628874789 5.411161178104939
4.98793843103983 5.673914559706385
5.495629451671644 5.182638741413071
4.681785914629571 5.431795995201836
5.874377445441839 5.2380382982798315
5.575856630909813 5.013362938632437
5.133331796770151 4.566506389980903
5.187027223981778 5.323596041779472
5.065355293409091 5.787753944733168
4.240791144933072 5.684962619594788
4.198897116393186 4.719597257780666
4.255155553688449 4.973915978305746
5.565112619570469 5.044887964980985
4.1965756315622675 4.939229418959357
4.6611374870507 4.120688260869871
5.31265437998308 5.140349459914998
4.755513388933718 4.553589073696454
5.615864775672271 4.495010572633254
4.7693871082429995 3.974225981718569
5.506081757662171 5.117204433338398
5.350875882190701 4.583066616579893
5.450604855515626 4.911889995036585
4.466729606983874 5.32667814588302
5.558616753555124 5.589978559176933
5.193304873129614 4.870476373956002
4.28354060698785 4.59728866629737
4.803994134110253 5.256624236880897
5.28779789851166 4.501358548091537
5.488453158782746 4.940081951995011
4.970709887869166 5.491863737836758
5.312035379536102 4.2946394882832
4.503887421626441 4.782638944061427
4.338453358467729 4.68774055964845
6.1778394656653095 5.337715865364396
4.790142486544127 5.032693777110395
5.17797215417196 5.14524999849072
5.319146484013021 4.251032614455294
4.373794509048249 4.572943605426407
4.9042853782847455 4.609433492037873
5.142631609886992 4.8772614159382055
4.017482674351237 4.724883242499085
5.445871918107926 4.867626418257968
5.0331767159283185 5.057151707852179
4.862554650819468 5.4421610419159006
4.508407875422227 4.902028242099712
4.788435150832174 4.716196985495925
4.866866559487682 4.659215448014533
4.125876153890182 5.723977042473213
5.020694227186831 4.406732207043146
5.148137377903643 3.953798984927057
4.353830678809455 4.011644247583637
4.857909125334077 5.095532736621071
5.115198051241499 5.556858981702002
4.65815945450557 4.666495898858035
4.995957335832055 4.672380917973042
5.670170537499098 5.080624021383944
5.303907656919429 5.489943980554681
4.937847945138868 4.502255388268157
6.003666689494807 5.109004084840376
4.56771249088416 4.981371235686398
5.029733167348599 4.215044894234033
4.845475265674205 6.10586550041726
4.880781477397999 4.570785051972699
5.08508676473418 4.782867133529265
5.332293761576964 4.935577366910627
4.921460807989092 4.84072566913436
3.720052721800979 4.598444212227914
5.221635984858183 4.704987726101471
3.777204912141936 5.164452650882242
4.445155423612605 5.149644057204659
4.773337370593052 4.888533854630695
4.625364305141646 4.09230623049369
3.727768477380221 5.540464859640264
5.04828785632147 5.436913466823826
5.174808432854025 4.856016123218774
4.698793785665562 4.7228007467995035
5.421119856940433 4.65821200284597
3.8934223908554495 4.634643925840654
5.575907564688572 5.2400267609396405
4.769559938309283 4.647582298998768
5.312915020041094 5.155498339336487
4.676305710894095 4.724687024470915
6.589590043686656 5.075988437282681
5.096236131371778 5.5743351141250645
4.058729729680309 5.077547739768909
4.811411102629867 4.728268945547476
5.555135870988721 4.997533260434314
5.222233519961989 6.02039470200375
5.231485754778759 5.23506025665538
5.124939083541038 5.252694798120365
5.0572372324895385 4.764741676159806
5.68637700361903 4.975691009975458
4.729526630524165 5.913541148015672
4.288093268985534 4.763022835942328
4.8457204744901485 4.2220307749309995
4.796239110426993 4.993275239213424
5.289163131439038 4.773991382065144
4.909963680390904 5.163155529901952
5.297325357403464 4.885418287754175
4.240744419627977 6.0553721949737565
5.413444968557336 4.062035455565986
4.4709664156006586 5.1763348437510714
5.587896177434876 4.456177692350991
4.5750756872579865 5.255407283550491
6.013909765098217 5.3073405056879865
4.847497113455626 4.1209058714220905
5.246312895734833 4.3188591599854265
5.2053789655427565 4.704108079143967
5.3161329169343325 5.182945126109976
5.37061805858986 5.113548733129905
5.757121246222485 5.0029085408351275
4.936339403911642 4.727809954393013
3.9868381664481003 5.439865596825384
4.632640846662204 5.493060832752986
5.044109306342538 5.480474848349566
4.314000492370116 4.4950516599694925
4.678175712058974 4.732314605599575
4.9297823093010065 4.867968444735985
4.853340300807113 5.027292508597518
5.258173808231885 5.145352947862303
5.246312894764464 5.175490651345709
4.850082748269757 5.303477682242834
4.593101959480114 5.508810366924536
4.969526754533241 5.5072656760582746
5.94035099528066 4.899793711703856
5.58418680592364 5.475936444776211
4.62985495084858 4.622212423820973
5.254421976610524 5.115107282562644
4.941701710608088 5.60553087291648
4.609388408435183 5.120933611269333
5.180462647474635 3.904675862253095
5.083094242045557 4.835029940076877
4.303999701595878 4.993725103956799
5.212115068923099 4.7880172103343845
4.344966899890739 5.7774559995787405
5.825653156791587 5.8250377962986555
5.528547617885668 4.06039983327339
5.5458562404674705 4.628913516069457
5.5354043152216175 4.071216874263264
3.8226959370989304 5.729550251420629
4.1629850451213475 4.913566716088665
4.5275194794766485 4.3116381372510215
5.405598102333511 5.316920208382121
3.7438761429758314 5.4431510845580595
5.6958749420981265 4.966595880032425
4.50434482824811 5.785073800930107
4.871370134685782 5.280168537848815
4.890195738124966 4.684286752459613
5.171378626466772 6.066478015886283
5.789979550065121 5.344102316154263
5.224882516324061 4.53944995851817
5.528636173996211 5.005175654261236
3.8881242830018623 4.483286511871486
4.66386481389244 5.0656686668074995
5.298893183657831 5.20836327250217
4.585314123671839 3.950633330638353
5.220293526527074 5.5097477055494295
5.59115633277464 4.955160431310757
4.903257087636347 5.941540688750401
4.844754196733388 5.079360531778648
5.480671980793972 4.70097874162556
4.278121834979365 5.070290226082919
5.152168372796153 4.863770863206118
5.678716870232005 5.536823783591101
4.673524422657271 5.062750124919912
4.902742984241983 5.1793705493718
4.9669801476223965 4.736215801347952
6.028241278599615 4.481044643988935
4.992069264419054 4.0682009036251054
4.770567510429522 4.681506548580251
4.4807984831673515 4.368324035921883
4.567282393254764 4.310627248643867
5.854334815277495 4.918140045924085
4.216959287758616 5.58829534678014
5.06884615969391 4.895666992371987
5.436023720066757 5.211123183269525
5.676500358347504 5.584906750580503
4.8929327805055465 4.676442117576678
5.1349964076857955 5.028921893793503
4.585896720530714 6.041572871619792
5.571247301094266 5.724525111694663
5.613139845774827 5.220603988335765
4.52271557517715 4.499479752125063
4.974360946477839 5.3242171861801095
4.1723670283089005 4.623356281029613
4.5644195949900075 5.7000615639579655
4.85057283730427 5.501124907392848
4.438319784425088 5.028821865666614
4.862062575359661 3.902610985159086
5.468753842468871 5.769861212740057
5.522819263491914 4.617160091650216
4.843087261438704 4.970440633908003
5.353424186615491 5.006281004283935
5.239768678674614 4.521109399175744
4.6769654169436965 4.845658346637521
5.369785010968087 5.086422494821951
5.404508584907685 5.619307771729711
5.496946628603367 5.409945556256131
5.270073102831124 4.821272836666344
5.4566951236081715 4.661101106570196
4.457550791080187 4.86965618550448
5.313033973566618 5.143725468751868
5.110618708761929 4.389215295174062
4.905636756482345 4.0987384473627335
4.802125356029297 4.926996912307912
5.598827751637984 5.262146002165278
4.381621155230486 4.76549904643446
5.956587531563562 5.9269945297759525
4.0539867177100914 4.6906540384237045
4.643776063677434 4.356062637131119
4.71176873537096 5.04554281899184
5.380815945172457 4.84432730100933
4.664920068873608 5.145995902191974
5.038190216844625 5.002949755318153
4.601301384100071 4.535117009323166
4.732734778407781 5.8544075177490615
5.4038850571916495 5.4044397732780975
4.3044585526063415 5.374205837299843
4.951337288273592 3.7057746653286685
4.001526969443711 4.8588969200046535
4.572953456496396 5.724997667872921
5.121395604466475 4.328358531234822
5.138885017357767 5.725670089465195
4.956435934029806 5.146979355097954
5.474620668012415 4.975654123798727
5.328358925630836 4.718402841942054
5.030006088512578 5.316679392466906
4.451450582773155 5.582201552391785
4.909691681954904 4.498959906455617
5.810140033399278 4.535321421047065
4.216588271376304 4.360801337630643
5.70879588064262 5.855046349167057
4.538698852312005 4.707043346734884
5.203657572560387 5.529948815382918
5.4913045044694355 4.108866646083001
4.464177009628261 4.831241446232938
5.030548892710025 4.459642882293309
5.406109521938252 5.907496917090919
4.693141665462077 4.389794670076796
4.650998407291368 5.263453374035601
4.3684511592773685 5.518652181094381
5.489579646501433 5.312012671525314
4.434898790095419 5.448225715882995
5.9948566910476195 5.205895857977791
5.142614778408367 4.911866061909465
3.361340114592451 5.362192938033953
6.088255715796615 5.693843211351835
4.825612735898362 4.049283073557769
4.7624543948140285 4.597832616090353
6.202976981020238 5.899576798215696
4.976854430016222 5.759665816908146
5.103507098125132 5.3777532183903
5.905761959274188 6.020286435770547
4.141503870925373 4.280222317325753
4.532805176486497 5.953068333428852
5.516610252836758 5.716023080524778
4.661677537202305 4.416872387319891
4.423619971466696 4.638444797130705
5.426492222714698 4.748769951211948
4.42154671192573 5.419731569593284
4.1098427668295585 5.079257862709171
5.254868244716643 4.265801943638811
5.564776550806446 4.634952137739434
4.7056680541908635 4.408197186264549
4.446988391798341 3.7968482143565616
4.399028331778034 4.437556497857941
5.321225836999605 4.929006552229071
4.9570111014635465 5.047849906104921
4.503647237261364 4.865684915870676
4.908997355403482 5.6193643675166
4.101957725163858 5.25817777738087
5.070915046178056 5.463022136361906
5.816216007482741 4.8592277181733285
4.895748348827233 4.671639915238885
4.925352402357712 5.3495336558066935
5.158230904426869 5.354835195124355
5.153284944800712 4.818949272801308
4.3082152020570526 4.27365684835687
5.0828581613236725 5.3210944965979445
3.8386313853947587 5.256732996812406
4.087441275571411 4.434379827124205
4.387197530343408 4.8109813417008676
5.389304489818121 4.070840190368765
4.89405272266352 4.800385365696412
4.7482763803754855 5.292944031998089
5.469003150187155 4.172699857721761
4.847171983706391 4.486673389929124
5.025489697613746 5.6666510560968035
4.812779982171402 5.71264333476296
4.656710949097939 4.552751166517912
4.585814842944103 5.886357522515684
4.661612615469104 4.4028639724016125
5.396813737692883 4.696728765364368
4.4195066885146455 4.773781931946065
5.155082299752266 5.411691917874539
4.601864399899238 4.587217895202992
5.31105660349124 4.878943779182548
5.814640534797587 4.875504534843888
5.416054483347747 4.777130128089459
4.81926165276685 3.931382969676048
5.0360262599576044 5.01397820634008
5.706263714986146 4.69185578836358
4.405057488746378 5.2888648603365045
5.2971878852293965 5.421596580660435
4.815459305566823 4.867164515061918
4.810821174865274 4.786470394503772
5.696728067413953 4.464355824491415
4.950602684592826 4.762034832935944
5.441115348275551 5.1845826410974345
6.199733579917248 4.464506654132604
4.463874861238651 4.153460817709252
5.13898857128115 5.154872860125396
4.971287542655242 5.272580415629086
4.804422929774444 5.299246898160961
4.912904155382373 5.398006802910714
4.811940336343635 5.335971993824016
3.6930278619046923 5.926528361468155
4.162233319269895 4.993227001132131
4.5993263401828495 5.671193048750189
4.523607657094427 5.050034396994148
5.680791466572078 4.295652959183624
4.104875684928419 4.772916069811678
4.993939627111814 5.024234015308539
4.639783609063492 3.8911938112929585
5.532885946513938 5.116643042484402
5.394508522363268 5.265279345449612
5.480366395870062 4.8553061920599205
5.676547860552558 4.908783189314731
4.463021026531088 4.135398584668622
5.306976806574657 5.758986702675547
4.567235349632977 4.691232326229753
5.763413686357201 5.561842980088806
4.9960824871438065 4.879924622995402
4.992196580006613 5.442289182702608
4.739361820218781 4.972264476416525
4.835591533647731 4.840797058869977
5.58008721758664 4.772541847361715
4.190056351406093 4.628958877603895
4.058078698185008 5.924499537257595
4.667834240908454 4.646129249679075
4.228036627226794 5.310909020846006
4.871409028737808 4.915116048435347
5.433797746721057 5.250958216733498
4.774428845751066 5.548532183317588
5.052740018918072 6.020349080631268
5.107975790060695 4.866377912799445
4.769684180746495 5.354100397135149
4.9820000967239535 3.7882497581491377
5.259530576196504 5.180612619288018
5.244255335396389 4.732068412327933
5.141244374788592 4.82315841406363
4.506536585805527 4.602032427859424
5.546815405386248 4.940573455582524
4.645765545983606 4.795237978601972
5.613939892123314 5.258259288634061
3.948489431144334 4.4052725508194825
4.469022712188531 5.19763014781739
4.384123328008304 4.2094099303184445
5.406106602502643 5.4236033200510585
5.941498383479908 5.552256247989611
5.045493176574314 5.143293965147306
5.323349624742442 5.452146009100209
5.148123221812457 5.159626288974827
4.670823147109523 4.925237136600656
5.072690622192464 5.16049215755134
5.2873205243809 5.195740236757355
5.51276894506547 4.761772694146415
4.680464676541631 4.743261709891887
5.722387911757191 4.871445351875375
4.798651363921021 4.802520772147675
5.080799533266958 5.425911282530063
4.634138063388047 4.358953331011518
4.144958497270805 5.007567931541847
4.899902830243126 5.157938731549663
5.192241322316441 5.385451809944016
6.236159493940927 5.26054561694744
4.826796232141038 4.77317196470917
5.054255314734429 5.428943345519653
4.514434781400211 4.700892571532644
4.9365666770735235 4.748061361982018
5.7752169166699945 4.786296609029183
5.055102954398936 5.257313076726292
4.52746946609181 4.677443032355438
4.435407641102323 5.122638935215018
4.745954553849354 5.090841913104664
4.928576175888412 4.890723993550437
5.689301799873751 5.253088512931422
4.928092683729395 5.051433280370859
5.456521745858668 5.1799012553546016
4.906820836935765 4.390498732024267
4.9073585857103925 4.2478511030018264
4.814553649067608 5.390328228914991
4.5079968614084525 5.1174670376480105
4.538996919189746 4.120200998001765
5.746621350920972 5.053157784041866
4.748728617387085 4.700825289658565
4.625341712245843 4.871456445028227
5.323402277276887 4.842755667354679
4.653968483077544 6.0138067244702516
5.012911006739612 5.388569993099743
4.3908881269667 4.580645445020353
4.058494354141942 5.0019856211475435
4.7113079730319285 4.189478243061622
5.913755305098401 5.01796237626177
4.3781801949928685 4.6824390918232766
5.1043811701087005 4.494782146407009
5.340412719758598 5.125870163878759
3.9357084055648017 4.962925915556363
5.9922521762756356 5.548737279377111
5.206354131433819 5.687802808459197
5.209646684155847 6.050122950571234
5.022888346581557 4.435007951362524
4.640686982274862 4.650189723091194
5.682582363847785 4.855621989850358
3.9455622048319317 5.327025645299982
4.384133971544345 5.440682018810562
5.174361856762891 4.557360476833879
4.923069427451556 5.739545610609664
5.223107229649728 5.344777288040347
5.275390504571664 5.458186884466783
5.1193895267295995 4.291582943336398
5.759768133694831 4.520306345440281
4.383773314072061 5.069381096006225
6.057179849647345 5.16583285555091
5.814600748820775 4.817403115113548
4.7126067584509155 5.036790123865833
4.237374191047254 5.2450505739099516
5.250175889972202 5.316894183278814
5.274343511149383 4.667193028124007
4.997975580045857 4.515392050802655
4.722985584959222 4.938041354011173
5.435650884246224 4.555255964398813
5.275438143100893 5.02234406362206
5.452731106217975 5.474148950635394
6.205072735717959 4.52888768370365
5.355682092236661 5.564138103116415
5.064554056607744 5.266402798375504
4.635137882892661 4.4796163281539725
5.498115754061809 4.993345657403259
5.506913386545311 5.015036972701007
5.6023121385561465 4.982965990259456
4.864395282697493 4.878828341048676
5.055222205818788 5.01705115372062
5.833090637495814 4.427340599970058
3.899018321827338 5.662341472538549
4.357949447880406 4.8750883232981845
5.221681191855748 5.3472461160293125
4.824627605146272 4.648454710987638
5.02639082150671 5.086105754487094
5.173337257537636 5.372009814980172
4.889747387428353 4.519314857284165
5.249229362626955 5.635991226191435
4.591457942628682 5.743008340224954
4.6649399938906715 4.4932106737478685
4.010477768555583 3.7785804220417893
4.810921484270512 4.186757852706577
5.387227674298057 4.125167481929456
5.568559294367763 5.207858146461341
5.598186302359223 4.663888752309564
4.593330031622422 5.44620322809137
4.333002978141989 4.434406493649105
4.910016301381603 4.999945754931504
5.329371481578075 4.924283413363325
5.524424055055761 4.85194456649974
5.171711992066546 5.306960614803407
4.948266112685802 5.027895459230345
4.442765272809815 4.887618897796083
4.214456900748482 4.954188771314796
4.67367018020077 5.096448348553368
5.090443209492496 4.767040155596618
5.619798065272788 5.095109558833665
5.0460595738952465 5.210996786999487
6.123977776430801 5.337024219931746
4.812986443208393 4.909680564294769
5.188701126791507 4.471119220514058
4.560403398991121 3.3878568794074293
4.376649871670042 5.229992314069156
4.806117452359833 5.1991088870650914
5.577137435183772 5.1080382444046535
5.292540948759697 5.477630148885233
5.44143853273142 5.974748560957353
4.431941993636641 5.117967842634457
4.6694907381147015 4.41857535011355
4.899319950928847 4.727231866638856
4.466084041341621 4.509018886267109
4.364237157324767 5.576847330492852
4.973650373035397 5.21858397008021
4.864469070276987 5.152715745329251
5.1820291258088815 4.910418198477071
4.722158541821034 5.657844173407815
4.42917701272827 5.391853475777742
5.267130051593521 4.780506008830274
4.813933344965463 5.77962039507448
5.601205248188238 5.638747202487056
5.998127477895638 4.751695497079601
4.249134508800974 5.7224421055746815
4.994038385988047 4.102621264210233
5.001279773423053 5.533415271671995
4.040424810008077 5.260625593152139
5.811695028200686 4.320896095781045
4.195039386411979 4.820221680704613
4.497767321285515 4.030907630422194
4.982276549975163 5.324558297519247
5.069785674571188 5.490508966798039
5.0297976046669515 4.785125114722634
4.855212807272305 4.795680545815285
5.130390212179115 5.545420206257943
5.322942094789737 5.326038021054083
5.51284329396399 5.2526414187473405
4.548358240521126 5.515946241703216
4.709365834403312 5.584879730801247
4.990984360134812 5.231880066698149
4.344684096933705 5.238004362414979
4.864548834005865 4.688473581492367
4.388004602844327 4.458315178015542
4.91181495730585 5.019474971817421
5.003485746021517 4.890794529780715
5.115919807172861 5.012563256067018
4.1891862806901115 4.289276888777115
5.148731562492087 4.575874569771917
5.651311727900448 5.389946411085713
5.937763159534748 4.669332393671983
5.565598539516319 5.175271441295321
4.699440961794944 4.860175747328944
4.61741860740304 5.367197608261278
5.201546640006841 5.330748222040795
4.565770165604489 5.456159856086413
5.837068412250536 4.477802358687917
5.296143971275523 4.417032973377269
4.737365393170639 4.345709005521444
4.766315412592338 4.937380681369117
5.0076312778271035 5.257592025200044
4.532090344444678 5.509543049735738
5.523077473346944 4.576474007540813
4.990225863907394 4.342473838682726
4.934289416802145 5.876966546504017
5.360532620405783 4.554153991172927
5.453091810708697 4.6229936786278705
4.467242626757581 5.512229499991267
5.73669335844774 4.171580538695849
4.967834405745464 4.770075919183499
5.003914323367121 3.7238935001011457
4.665144627132951 5.488040516007619
5.5118832507265445 5.205178466139979
5.233499689950995 4.764879926888273
5.3550929452909415 4.496847484766563
5.670488555457507 5.644369597224592
4.927906824757769 5.553987476407862
4.235695064812453 5.264174731748825
4.8460260225348355 5.702953789280894
5.117224165566481 5.19742205139863
5.531100653743251 4.948991721860172
4.665676257158918 4.799682093819777
5.189831702475636 4.647843747880516
4.234486931596265 5.513009867741945
4.942462887011836 5.343355589930419
5.544918082102663 5.182209475835188
5.502171869889743 4.8913612971714295
4.848265965003419 4.870809285329441
5.242672731688056 5.724009647661065
5.029678199995835 5.140010813351672
5.002944464311331 5.647739694718651
4.350786587715935 5.060032849832762
5.113278665545399 5.845668324439485
4.939544726641977 5.5568442343629485
5.671096628591339 5.140527039767236
4.661266780528618 5.402757087367534
4.523097760343974 5.61544768047006
4.8411540582347605 5.326210178025654
4.740533183908295 4.788624025884003
4.32532887680386 5.449193662302208
5.150697299005729 5.462651892567424
4.576435873766482 5.452150679867438
4.4769911759599035 4.778303615868024
4.99480161715975 5.096103932221687
4.702631422027979 4.6823683223532795
4.675734594715476 5.133382765973941
5.672434594628141 5.385029223642481
4.892524331961591 4.602185967732195
5.262189766546916 5.52365986510773
4.820402249159525 5.661680823029407
5.310293575557751 4.720993078451892
5.39776697480022 5.075849285481881
4.269022383837306 4.5626057511361156
4.97143901449804 4.974441340963644
5.211687025981296 4.896959622510449
4.943397264192272 4.891465742134224
5.098639668907074 4.881010352266137
4.569826292627901 5.319195858774935
4.194681489354943 5.753067986290556
4.738223990878895 4.473951123038842
4.675458433919259 4.673940644729503
4.6576151434508715 4.757354130139619
4.565392751863014 4.844763616591124
5.530818165406128 4.765016801230195
4.481856467519142 5.397357666477019
5.394453459264048 4.681910352693407
5.605871746064793 5.9212375937384465
4.500262448136176 5.290208940153048
4.815923483916679 5.181236054109705
4.131280488979193 5.2091847204414075
5.407598991456722 5.093882494950991
5.055036587717287 6.139589566551376
5.893330950965762 5.008791403584515
4.827338887426173 5.2326956813356
4.731929615597143 5.3988210581921425
4.70172251461673 5.4150927691707
4.479863883535132 5.574646887927027
4.305950405751271 5.773509113697478
4.266955908607161 5.5889800628569315
4.676878082138061 5.523583162281464
4.555288210337005 4.906914017969193
5.366921861569112 5.666113637145088
5.113026010374779 4.964250893494881
4.744017347967937 4.671374545878157
4.263805679546856 5.444023822332148
