8.300456790717423 124.1403247010969
99.92264525295896 391.5549043580684
43.04713818724024 200.56269416272022
84.29094110143416 390.87723283730264
83.88746404430196 309.6899810516819
13.021182120876787 169.94036996020722
22.625322096049715 152.7452939607688
51.41632497708588 216.27232635929602
65.16724673835432 350.51859437075206
0.5357573780294927 -15.116602646151307
82.97947547124191 351.30781054062766
104.21599877628171 497.23126236647937
56.36655049820226 216.26409194647093
19.59595357849458 27.58086036158402
41.8247792852246 164.33462754746148
122.28798906245333 439.6765215850399
30.70035073394542 143.9903644466216
34.31785749546497 211.50199139926298
70.514519198347 375.75130490833556
53.652530710102326 217.29301755791082
82.66187868823593 401.88418250895216
73.5708000628649 262.78121040123006
31.699207190834294 93.89905336071
70.08953193121093 361.7561881870961
25.583894825184142 81.89352569261324
88.07209413394993 354.8793433423777
14.158358595907824 126.55221307048848
52.86168902956758 194.08911283060417
96.17254830412541 436.1841105472609
6.340172426363107 107.05162881549002
71.92884093760614 317.0107598030483
54.84416390673074 276.89222213140516
18.60842692328906 50.11958689511105
58.06836904486299 372.7291903414375
102.61999547397672 444.26965924718036
61.166421833366584 287.1393950649671
38.87905385867444 180.44954537646433
106.32074314369017 463.7779569689661
70.6582435101694 426.2929836249054
54.41461434340941 310.8906828376763
96.36445650261675 441.5694442920221
42.032869215508846 231.78873890965974
80.39861463896378 381.703414694823
65.31601570635118 243.81730039393187
87.58551906267854 444.242697944561
18.616132466688896 23.787831384314067
20.104990139801174 121.14669746651572
47.37630774095342 214.70811130777983
34.048523833441294 258.7519217564459
37.152566436709705 118.54118713082366
27.039362960313028 136.22959454784765
79.37654813170526 300.65898810144495
40.26608862003997 288.0221853179523
41.548701261958854 129.6854837297523
3.692670615996088 12.402620847990908
25.447018972149916 133.84863001179582
20.31103879495314 96.9843955401269
73.3187598748153 392.4841027069891
69.86164251170281 312.22098595399456
36.40003265736804 165.07720561694723
83.56447512630538 367.8563395022671
23.920997920235774 51.1442958597145
43.31698158986693 112.31083259749559
-0.7817667201535237 50.8746071900011
64.57477522288461 328.36101186154826
46.35349401280605 145.01436719937516
88.29505243920363 373.7207348794811
89.63111775596138 388.5198562838272
43.28541827532733 268.9875933299373
87.85004934927085 395.4101794667285
100.82068698345518 415.7993575754609
30.09144236938873 119.00605570051438
13.073233459300166 33.45760985577439
32.591169828161 152.01595527654308
71.59159043656692 339.11052821517717
10.266027243565725 2.199546356140365
42.59633746430235 209.0373517335928
47.82554123742364 322.345309743168
73.75296553634598 399.21176775558126
4.603473971650685 -0.2892230810581733
1.2336091243048575 50.88456367519838
20.3285104712036 25.869995223622947
59.358257207336045 251.00632645044342
39.07513139201278 151.04616216763344
28.073879235816293 109.32200963220875
25.84608337672675 67.07908824656765
45.39267894072638 197.3951749541034
86.62274386961596 476.0972116293103
77.09602219467718 394.579707682342
57.66328184308293 342.8540175778964
74.99500046108989 406.60326626728937
-4.524841161884857 1.5769346307051402
56.23245593137261 356.21487448681904
50.17783277778624 258.14227423282586
28.39829961791413 220.750977713913
17.150657361274643 119.0633351943936
0.6404260416128391 -1.8520265853852815
90.10922875535498 451.3456952809905
70.96970905476854 325.1973640488387
35.148299808086094 135.32291119009312
92.43368750799405 398.7193352031953
25.536062603873386 128.8469954654146
8.590575162625635 54.624077253866155
79.61917316962224 402.6118061154908
62.15924530561827 279.96982084561176
38.65941050717537 212.48608063209787
20.79744518515686 94.88215362129611
105.48049276472247 445.89975023333807
26.281966474317933 172.05623226995968
17.801088359273564 55.22407216778419
19.013061764252647 116.28574659567315
47.90737810076264 253.3045818428238
25.977411048947282 130.90860154747077
57.036505287515205 300.99588176181146
77.88274443027483 384.40577270811394
69.08226706461636 282.45743279465114
70.98727665705897 291.22781022950585
75.34007149087363 402.63914149475863
13.907410163850185 96.33149051901437
0.8567785471947145 -0.647239115226597
27.114246397493876 107.05219994467008
49.36215346311461 199.7227845506127
44.81056373597792 169.74237824861717
99.13030225133673 476.1635867405872
36.56269159377914 210.2292072454603
62.538309920401566 295.95916814030625
83.89537563931688 372.9792942974828
107.96781265731579 394.5496256581386
102.99077858807838 472.38944193592874
80.29467720070515 400.438038069049
80.19685707284039 424.00221057826764
89.41932236124467 344.51118116312136
25.46803558547856 53.352757132422525
19.461014001183102 114.04163608690025
57.9165787670392 291.9296593486569
59.54950054613707 163.24546648035462
91.4859370363923 305.60033234889977
52.73614728934533 250.16207896800162
108.05956821203202 480.85666864956136
6.021373669480389 12.347382151455502
68.46227184175775 358.1074715199997
32.56161673983952 227.70826314123318
104.2138349574509 479.0484649395777
24.07666357687127 103.08000365906788
88.36350122265193 384.80719702374006
24.789223513305892 55.60110459115462
14.135779429327023 70.00744418480511
49.56592525078323 223.09577083959337
106.35189071066479 476.7361565543601
20.933919242771747 52.76864316921615
35.66709540077263 162.8963935543473
13.02694647933466 7.8808883292624206
94.68015822567075 422.36516181200386
105.52233341908898 458.19252296878466
91.39986629761307 405.94552913054355
58.11606724407555 130.42982818510805
12.648442879981602 15.042148373857199
76.63354953390632 260.9146254728857
15.309449097449791 -12.94529204385763
21.444974945020512 133.48231828261999
82.41897538970701 452.85564411805973
58.18615484163743 425.38242488975055
5.380149387429245 10.53914858261873
13.377939464337766 3.6995986419032008
98.56848045634086 420.92007216449707
2.014918412448808 -16.244555434700413
2.5335374217147866 104.62784689077722
12.48140287022663 79.67293334659837
1.1826220480696925 -2.9091405816134683
91.40606061151885 429.4443506126689
56.8509524337325 267.8756747928644
61.47730174038955 361.25912251295307
94.35465085134629 418.53558335216144
-3.6088537084181507 -7.843372841968957
12.039489008074822 38.7419455120389
22.588320154804006 55.631006084221866
33.21132348562974 196.03546334296564
69.8053699178286 423.8258804773137
7.644946499417806 145.33208322613712
25.09396205569945 69.96025896799935
42.75386827409452 95.39173300382063
68.52068479216675 332.9051446481862
42.76006812035753 235.29219803667561
87.69589549983752 378.0252591694071
18.403515239935352 121.93585034375694
64.49067313766878 336.4261452760765
48.82065658833918 192.49848009401586
25.29573019378642 120.76218352926163
44.263702461097814 156.6055877922742
39.50099390411721 173.59475457173508
76.97095502128113 389.7024878978693
15.953468007691239 78.52042953534095
92.07818121288408 372.13626636470235
55.084999750623794 295.87532421107824
83.74699377940189 460.5602234139814
22.76601182800536 133.32027171885568
26.483670034099116 151.37609626589108
18.307932541704865 100.67392258282598
3.722667425408204 147.51909102989694
39.62392517119845 236.92970633652382
66.72959057668771 327.3759467985711
63.50800578179975 261.1598547748091
52.09039989162868 258.6300808422652
2.6539664211280947 18.81518043987985
70.0017868401951 404.59226341243624
90.23495339999806 442.7853259536902
45.546291761490124 229.29712381507113
71.24032666001337 298.9392779208245
92.90960446436442 417.15739485284666
19.428310613522676 -10.646183998417602
97.93459206746029 462.9281528144434
-4.898300619769042 9.120010228761902
42.92457636244173 207.2062093360557
22.26864642395661 83.23366178337578
47.012338274343286 202.9735489302363
47.63394766207813 255.05610038085186
38.640377791303045 185.92066454694998
-4.573743272859016 40.94864296067284
56.85476299895862 236.73340634715743
102.80011516812593 475.8175592526192
46.67948284735498 213.3232823915296
83.84726905893021 409.6777843958901
50.85648210226855 366.11174202548443
21.352703296813832 196.69266770759856
79.89813049220069 371.96042957914443
83.67793766416429 400.71801964434525
15.139086985520809 27.430400208569903
40.73449821890049 297.7498087740946
44.57891983414263 248.6701311882219
98.28918623925924 387.0968853860922
34.297606412359656 223.74400624526268
-5.790178744533861 29.345193380463304
5.000212455203313 -24.046184358860152
53.410979922671885 313.4106168275123
12.40436697077238 101.14194847714164
-22.90366804424746 -4.941141179386115
109.05847068283569 453.9907235518334
-4.5920037664712945 -1.7783341105608432
37.81576912366293 180.23205509502552
10.552245819093535 76.99625591240255
0.5472751786831971 48.290818920514376
2.765358897680878 0.9852251734730819
56.29703293114402 202.4675864231221
50.17393963560868 285.303121054612
19.3310557835257 101.39884479003577
58.809184799218976 290.8148586759546
30.406591229359766 18.26376843509458
21.851136522098802 132.84805234562575
36.0034537799224 115.37952008925147
33.03869711311992 114.00926402322705
47.52532921299401 195.8236492826959
22.328607438342875 65.35333937419995
2.329888177764585 34.22233459408928
74.1097640836166 315.08008410318354
54.04502580180223 275.9957050122457
6.839417255745566 46.283659597551704
58.286394061838564 337.84513835746014
9.951042960758215 67.47219239370071
81.36341749855362 405.4053065722
78.16614087572935 418.64672703394734
82.76112487479185 366.84531046234326
59.23289270765144 261.72224040763757
45.79917036870132 219.71501602424487
63.5444707543204 325.0211161935733
55.394625725823396 246.67186862347927
83.3046839907572 466.6392958309083
7.72419616351061 28.186555597614035
-0.03528757492665502 15.895152372677588
40.48958214542999 154.63670141447867
23.539518406507263 101.03769477187635
94.52957166456756 447.5358213362867
40.74831924351294 77.41642705395189
43.606140323938845 216.26461760030585
34.20536108488547 82.45397197444872
51.83575855913792 277.3436694359679
79.83595697174242 441.20767283212393
27.942183518192046 101.79104763712105
35.16283491359596 43.99133078339264
56.11383928006115 341.08485896175057
11.76253705239359 11.50682249385146
57.590350649243604 283.88421964572063
22.791029517833596 170.57465322796946
20.58741416112792 146.8583385870895
33.279788364837316 264.19346230019045
70.47585232373186 329.33274386703954
71.95016149713024 316.44412247669885
59.58651573313997 262.25946426095624
45.94071787542682 245.37686484992741
34.64670989776448 155.43243103618084
38.02874585002998 231.64090057260495
14.597944200635608 10.378876471134816
5.108670015488819 88.9507586956693
37.13299870972399 206.80332259605748
49.234928863805244 294.51620003537494
55.13073398022174 243.41617472836722
86.96226343695037 451.8349955095308
61.54263759524501 302.0472166882443
49.37860439137899 242.68589296246932
7.951650685004921 13.856965297182905
67.28716387265234 320.66807556558047
85.46124712035201 392.2670834479143
38.544748311393676 213.9207535650217
100.40802772854038 443.5955126861155
97.23031876323228 383.974785473429
28.150276049005534 83.32926950733362
3.6403762326338818 66.97690447951999
98.00339336118039 451.17969199941757
92.55614064196094 391.395918876924
65.50090699924117 279.9934686097335
67.38635133269098 259.81295514901086
18.077456117024653 112.98385449505115
41.2207718599857 206.12745655742535
91.6624973967246 458.8076192790302
40.73026590787149 165.7220199274172
29.42014467319196 185.67022458468142
32.452188953429186 64.32948499543826
85.45625359749498 419.2736130969181
100.69412917680917 475.9999245812924
15.48500630625261 90.51561512882117
21.54840005319948 49.98867887569605
41.23052214450911 233.13638402874886
68.00675611615021 297.1852745132624
88.83260656179414 372.62595594208693
5.317546894323856 -13.211884837024945
48.19500463619356 206.82951785399564
27.79682940782895 31.764831560961348
47.14387161748812 213.32564307236424
82.792628422385 352.0086985164618
65.5463524832449 362.3832297385563
39.03601506937549 165.08608945730023
9.297659844902123 3.262091639663872
64.72664292511146 301.42410416697925
2.3965927345694595 45.37846086311184
71.31298092285152 390.58706091410136
12.471914632656027 52.73025468366184
72.80600701844776 374.28243907691683
27.910876208159575 21.74959867005046
75.5908058698117 275.15980315681566
37.10240598666675 190.47474589456303
79.51645402866095 415.47333203171706
32.94810344789001 151.04360884686076
50.30726087717739 130.52828310701497
37.64506907240607 183.3489507919072
93.75478102097661 481.6275806356273
28.8412949618981 172.82860896471234
78.10576719308645 417.0193858474728
107.07474925390699 476.5299405820832
74.9421252810232 361.77484301072144
29.46207892496441 251.6337588579741
94.36615139482406 462.41216423216724
102.30056899898845 443.4632960433149
92.89044964886067 425.467642074627
68.54081110427708 237.33520423845403
97.81210403344659 428.398224592212
102.40458100191087 456.8256041386959
95.03302330707179 476.4410656240621
70.72997289387223 314.73744371672115
46.92792658218912 217.40226102053632
37.6425149673055 217.3563132909628
87.7514740840996 398.12880600362575
30.889742502075503 160.0139933211006
53.36010815372539 187.5599498148921
99.22874563975707 471.9863834919943
48.50836788113611 214.36803906829448
7.981080374405499 17.949778821846028
89.00332439535376 426.2702007648414
107.9932368202983 450.8621070890884
68.93325253827022 402.97575960898286
75.54464700752865 381.23711612625124
57.82496293558482 360.75082679940516
72.23853513954681 364.8878559979538
29.336933274977415 71.99924546751146
19.72999126649868 -1.855699387041561
46.16397435835094 174.76965072113563
29.73947370449842 125.63909130739196
46.82224715688831 120.41910682512219
20.840849256962144 46.706096581793915
59.974866803447824 265.6325574817863
26.22229927314143 135.6048948783818
48.609753308079924 217.08480309670023
18.894467545257434 16.046908153455206
100.99389554606789 486.17338236268114
35.93478984090379 135.14550004581452
36.60196390439998 244.01577092326968
24.172305671061807 183.0042949742265
45.253322273892195 157.69424885067076
66.38970000962152 276.7657833144819
68.49554220690763 318.1302766930689
39.6480067536191 148.4432168580042
61.487296040179835 385.41321114956173
35.021542091353375 151.717190313213
66.25872728815624 414.20010394856604
45.39147271304858 189.06698904946072
51.37340597741144 312.25310609308076
51.62512414010092 298.8790489745279
77.4495340681544 336.5284283789909
35.74034757445306 95.12809300507338
19.604554858250882 141.83956970309907
103.7536845886258 469.6167025960736
90.88313573185575 412.89309211401235
47.21316098614191 155.76238446166715
1.0920340636947614 36.43434920391695
78.34814031239496 465.2862087377843
80.84634091842979 362.943980991882
103.50033311706316 453.2403224573898
29.430644020953068 97.1003034922336
52.02190197336682 186.63372616622053
79.12398600944022 361.9741448816069
38.576887250213346 221.82305691937873
56.501548018807426 233.9387115408429
75.0425605028875 367.1645185770185
89.83142891526035 417.8372623549206
36.543044272925485 173.0347874218934
79.18505914197713 443.92718045470525
35.417927621460436 121.86787479443825
74.48363665565788 389.0452509525791
33.358037693085365 82.7641632714769
-9.004152497090573 28.68119549086891
8.257724389389516 13.728988952328201
60.34935283617686 181.37125250653608
44.48701616328214 200.8973522309816
25.318556695553333 147.2599743476945
53.459155256474865 280.20538352653926
68.44158815128092 250.41417472708437
7.60041541900905 95.86454760052878
26.75646309877286 147.65701932111517
71.20500803699863 328.90768714334115
52.43260238891446 230.2397997765341
16.529915127659077 107.32577549034974
113.16230709055819 471.01974643108366
57.635205807711905 246.28240994739502
59.08380439992918 282.5943481599162
8.774072225073784 -6.374511362976353
47.93484331243021 266.64445050720497
30.492871288670568 96.15227544880017
43.439374340500855 141.09084280518323
103.7791212456058 469.0173214162465
72.1424652845408 316.4552242050441
7.182200084496814 9.622013986910764
42.13064276623496 156.6088481594392
22.762555170286404 64.74492641641847
31.121814776713318 97.45485487195404
71.89987082500475 276.42248739997814
-9.215556918287515 -12.599029710025667
58.1034289695538 254.5308502483359
60.851386140322816 343.6282272565401
83.12823694200469 360.33308999348714
-3.6545243609368896 32.59088061744424
56.00994324897155 297.89739086224586
45.40779035869796 141.6656290934628
45.22824064263549 171.08688846099687
67.7887149779729 240.0490136726574
49.853852196722116 258.2744735723006
65.46818533823759 305.5450745170223
6.531206542079551 1.0924966035326147
94.50043729536134 461.263101728455
20.008513728308237 110.74456195212812
24.249507324159904 97.57654409574126
23.449790878466608 95.18039619956353
62.34409026289296 344.1347105830301
6.0105203598466055 72.36105117556656
82.7933372191352 397.4730026646022
52.654367601567145 229.03294629128985
81.25184678954814 333.8898042841715
16.502171702202556 40.56894385211774
58.25957106266386 205.93330583126775
36.38510316535702 156.43620233856572
12.399911544436618 6.995883005408714
0.03256075893053456 56.81926882806755
13.971336756454905 42.854457157695535
80.01533707133102 282.1843254991325
17.349895790481334 85.66411087313189
19.679378778558657 142.90307497001436
2.923586762946144 99.7709140860116
36.507856888758916 158.10469336019574
61.1563759706401 272.841856130679
29.924055764136902 125.80988161572566
3.570947634424157 42.674325401702745
52.29962520935071 291.3997340035584
29.75275247529317 112.88640186061161
77.27687490727216 383.5325008830069
5.198032748736248 -28.602153601247387
105.06119198013496 384.5602163893409
20.32639555256017 43.93528680253552
24.105178467243213 103.3154708954888
35.842816379801036 139.59167008830312
36.03341080056771 223.1604833382264
47.07001516710599 329.1678628230752
32.2840639882695 100.71011593059359
48.01636380974467 220.04531120277923
70.85544804949032 380.93518032566504
50.87898877483735 179.89318954965188
61.84689096404784 290.9433222127582
-8.589160888154897 38.019876990003056
65.65266575868226 300.8388524628873
41.17589321126755 285.55714433618414
122.38767868713366 471.66925675978166
53.266815318200855 300.0718605344437
21.359335588701178 140.54743327287872
84.0199312819224 463.00938110291077
42.24833547903574 229.37675955408784
88.62810268782349 407.49930951723434
66.07980725958309 281.86800616192977
40.38400562480142 260.34880784426497
21.123655975005203 131.95407932182556
24.56946977792779 56.84143110209949
58.73335993074619 334.0828670985086
96.844418911311 408.74101857563875
71.57400409918259 373.16295109378717
71.51132574751205 339.280141701171
26.163506610320006 76.76219783359397
-1.434672742511589 19.210231404551703
26.649222812271027 83.79710498342438
53.74343298187934 198.86818586648627
53.239233196539615 244.2824617182881
104.07074251652631 398.37735142780775
84.11092761550543 334.900178464239
61.001231976438866 326.8019359298818
56.74420810155686 292.6086077193431
90.15919242933128 415.96666316773735
70.42817276329575 340.4535652411042
41.18782851832582 213.41635179438433
65.21947755470606 343.12399410825503
83.63055607180333 453.49199653031127
67.49274174576122 303.4126128974823
13.738096844915212 99.52031668108009
88.89650803495483 435.04978712523524
27.993950510806037 41.39522835331367
95.85800936047089 457.55328458740564
9.553535141372665 51.11651009007336
45.62746605873287 202.6098874590673
89.4802977975496 436.9641819988423
26.92242111533823 55.53030245576633
18.705384978110427 90.10746434348971
76.86048162516117 337.46863838904056
27.915855813746973 153.68048819943297
33.48834597567163 172.4055729118382
36.430700242929916 285.717866613522
77.22721251419267 418.93010561084117
53.075425452943094 210.70121854310426
49.5821437920915 140.53591266266523
79.23633947170448 311.8873307946014
75.75293845014009 376.95546832988595
21.91804297851968 124.70011374795249
21.699992946456966 21.49684616195114
36.873507788680456 129.12916343247375
40.157693943795834 215.54733399650607
45.875502493375784 145.7612945570299
29.35638572388325 183.95605449302963
99.23368183330918 465.1619559093752
24.229520806996632 164.81166011090124
83.02916741063274 363.30868412996875
57.077840015762 228.26646099813533
66.12099904113234 247.43701174372953
32.60441107856519 141.90096826758196
86.31629086590964 396.4497208514007
58.056199212367126 264.6680917049616
43.72910395732362 214.1553494240762
62.86103316070694 284.67078655998364
44.04341109701609 165.49905401201667
49.235294070046415 120.82695505833601
78.51952471953992 335.92926343890315
27.62092986125638 118.88981265982865
10.262115358556223 43.099997822537176
52.87388876783018 248.49792735393729
86.60795006627932 405.55574438946445
82.73817590218745 303.9884054135045
26.66485490799616 158.56321512101965
85.71973694584877 440.21071992684193
110.51652739119936 450.7929351146198
25.765551635036907 193.719191835261
81.48786672967076 333.9844131150332
82.92294396638816 428.26231157259343
72.29963402264042 375.32441124808565
27.687612066530896 112.85411200999312
30.41933370569694 160.67412069928298
85.45275846588999 439.91618796275804
33.67195718919443 108.88493001270427
39.80497869155722 163.9441371277739
79.58470872624007 364.63018143144086
81.85643824034358 341.3348742245681
95.02104332045552 382.0124278279267
40.42006599308438 112.37957096853567
67.6418616990226 318.35222100930207
5.414086308542168 -4.310925961412595
17.19388560473416 52.46823983849589
63.89583018588496 260.43203205447327
37.89691752334021 196.36851761891364
14.538381384567359 60.05853221282703
97.84130953330114 390.9940409885474
1.057299503142854 -9.128250813695614
18.035200755747745 43.83769829716168
63.73841935992911 389.7009645299779
44.821124355648465 150.90114632491844
86.54782264689618 383.9354361591036
13.8071643900257 -19.74750475260439
71.41672234078538 350.03868308810996
51.997548107251525 293.12420695518773
32.134838718329746 96.20637890599598
82.95244991213147 331.2504048963069
41.62503128002085 202.43579624210437
90.64274877865861 417.1561511099139
87.40753592255537 417.40832313455587
83.9083869004151 428.511483857502
17.675895225225204 105.67540399356747
30.650249501405582 142.55594922223725
83.94566405383145 413.3992746145138
55.12854974506099 297.13024662852484
58.830500658002386 284.57351278194955
-5.579053565748609 -24.018477515923887
39.76270335696696 194.03802522141984
50.453803711552666 249.1714069703393
30.930279419762904 184.0093034808582
3.0576041802024143 25.6308085267518
45.58948200893175 162.05663462840147
112.07941709143824 451.50774099941486
58.59374605599706 176.63763631022388
41.15243374279045 109.03401266263961
37.00447753742404 158.2042111642356
43.837184710969204 165.6027145105955
48.14568699912108 184.80027697577285
71.58080299084293 332.7345101155923
0.7022796363735284 -4.351480213961679
102.93110033108576 465.356075409259
111.48943908870864 452.4843681115135
77.76550878930503 357.76220827107375
24.724833756249485 244.54643649857422
89.05057493363262 424.0440724521056
69.32666012351989 391.29072928061197
91.74167417643896 383.6599283059462
79.30375394246389 407.93843007267276
43.525621667918806 118.46308997559072
31.39477537340153 119.72715026593335
88.9325485165273 412.6844647609547
5.757941261464492 3.83634300711365
54.478504532975016 309.9740297635622
103.72665635493607 431.37688379417506
61.53990113111131 326.11886084827455
87.07043437103654 348.4737159037632
84.33001817107191 394.2489841899167
74.42517677810201 330.31174245021907
59.70845979749961 276.18242749240704
99.23147623624429 407.45073684254237
88.66990075354605 428.8707847670774
38.177825000241825 110.78410442969862
8.466127449865018 -3.5444121367153834
81.08984222321388 328.7160759245034
49.84829428619588 291.05000251836134
58.908240167444944 179.3984212712711
73.99147427090706 368.3554326301077
21.795752881864875 95.36365014151028
83.34392159860676 310.7515809466895
0.19211535788187728 5.348337383601592
31.978488433408728 148.86093153821068
3.324162970757932 66.12308184913503
-11.232328693034493 8.388907245004141
83.59821112351348 355.9561895530974
57.69242215890844 216.27823863095625
62.58327012247951 308.705079496072
8.742350754361619 23.12801851714722
58.40938368053933 246.8961315818387
56.57145637981142 236.29602301571796
75.15180437925737 382.0002452105904
13.485486741160813 22.93881734545487
95.97429309104125 358.61947014056466
64.1774770495637 355.35854508284075
27.525097139012587 229.3251404043533
34.85565308478325 163.23303933171167
20.185034277163584 70.80054773442693
46.440972765987276 185.5871687034725
99.96358744136552 479.05320412556347
20.12478281738547 158.40957453035819
13.325461853311946 98.29842549728832
16.198504861886896 70.36013843940405
79.15530919395992 396.68381725947984
35.96596171978845 145.38367015639562
51.04268514192232 201.56600123876544
76.39757092262316 333.8004978751073
91.72707793480522 450.3118211695069
86.94647774794993 439.6611629805932
75.0619002457345 433.4043648473543
-24.242976661414836 -23.819069112702433
68.15349354117978 424.4521775615168
-0.11157386349397314 73.30300108906548
32.588019871724626 154.12623828567115
77.169735742228 404.773330909541
37.25317709629694 116.78597494169827
29.78774167378612 128.22884567419703
67.89145129857354 318.3765745534935
82.84543668014827 436.64759644974816
56.231209015377615 283.52317443450903
-14.340795796304466 14.194381573087234
48.3461939679555 224.09506197965143
79.13071782876776 416.18657905964983
-1.9425104296691336 -17.118751746005184
86.24790032910636 290.4088766282962
94.5047227941577 424.9600058933487
76.85315130280608 376.16697826973785
0.5372776528556642 98.82863629198538
44.4319919313358 281.39285055813804
102.66129347442099 438.33401268042957
20.1293101665365 65.15118580446376
50.74443480561928 166.06234353491178
55.55937337545748 206.43044636310748
19.2065858253751 222.90942296866004
9.40164350431039 47.33123859279705
29.159644201710186 147.22442353208353
4.475785259825081 67.26106700977674
31.85527650875212 168.44726350390377
77.41258979369705 368.89424271081367
93.92324396473263 423.80897919573766
9.588802734705803 60.99597478007284
7.859162313946809 82.44596163351936
21.149906310791124 52.72878959275771
95.0483897910483 471.9710460458462
58.515444166852774 297.3587403576822
61.42911788818716 250.26065783435774
39.62176682900483 149.08506578213218
52.11373447712663 194.37211288834467
58.16300522818591 265.7474975207612
13.956495006701662 48.333201815224115
26.58487697402189 83.61263301773765
101.2364899993582 421.6641017369413
2.236109724565784 21.00278009097159
61.01669665239231 309.7696346129572
115.25996166790759 437.18806740766576
39.737445471950096 310.35033822764626
88.8527072136946 341.2829500978488
68.5820893437698 368.47937265060534
37.07546227363338 161.09365478924025
31.45650703204995 77.00538202058102
83.55734479117244 316.44361134558085
6.211108762329376 8.018521766115272
94.8850343734724 380.26192192376465
18.73437875529061 59.056499887765625
2.643000863689659 0.0733933235877906
4.852427555421435 27.272465532120506
53.858829829263755 250.2444923420216
54.05550466414427 290.1822170952041
70.21283155230816 325.25220818505716
29.948749588893048 101.59945933703327
18.77381968990247 30.283160648286913
63.109375040436284 211.97582205106272
82.68269807140881 341.65564992583427
-7.080061536958189 -18.50122686304515
5.051404985854809 54.70430961259564
-3.8667691091176533 36.025754201262146
60.4097796346819 167.6208109354535
33.151875794999135 182.4216917349341
79.62400308121792 414.59183931831365
20.847036070893196 56.78145727964536
46.28423658879501 143.97724681616222
11.771739305910934 108.4581901747126
74.28506697129909 361.3219403517692
59.5097671409373 332.6617558430427
91.0579875863079 388.7404508990952
48.88902136899766 211.74945238897755
39.474464908235184 187.72844525802014
104.81667690404787 486.8584062505842
22.32212965029926 145.0814299253126
37.383180267527294 188.12504786155048
15.240728489866182 136.61126386231194
24.411877499042888 162.12492779810208
86.95639726609755 376.70742210946
26.022731041261114 57.69282727880721
4.1601599280441075 0.07702508358867277
52.403219341168416 258.05509080231496
44.092233879075465 219.82581783287787
60.96056059842278 265.34945878585853
11.75888875121356 80.02884455637702
70.89686802996083 349.89844217988616
14.007861619538847 89.51123426066846
76.9844738424512 390.1911118805779
16.425579611304094 101.43584231208457
55.62430930667008 249.86920142973202
11.320923293431223 56.53443768512036
15.562062101042859 118.24927561846432
99.9716571879868 431.33860117210065
83.53258065777888 416.52456247365586
7.103487835343346 62.25132976778358
-5.660159731354932 10.229112555384354
79.98195967282453 368.64694411645013
83.98433862053163 390.8252091322169
2.7137180347948497 -18.68972337071586
-3.772743979447165 -3.8868395216811544
73.84170559347903 333.68717839050373
81.92170871488096 343.16114193211496
83.92198647431472 422.02893005306964
69.92933335740828 422.36453481413645
34.96517728621173 115.97690354883872
76.54742218464074 361.8085092873583
100.17835886480445 378.71008300379924
14.960281067819572 63.27515715686624
28.772409200732714 173.41748701906533
18.094834263556468 -13.783577894711934
81.83279654674168 336.11568937659547
16.207801780708206 55.46626351096195
20.709761731201077 25.894416732801243
43.32059132906338 207.30722414588135
69.89248979306481 319.410848695676
45.27525560388061 220.5192866265095
23.382170395030556 131.4676401789974
4.450043111785271 -24.836562384000125
65.31176858657436 265.2356294635107
21.031330022145973 56.09809095170331
99.76419690659961 463.2870425003574
-1.1843031575175917 44.55076303865201
53.35113442009482 214.9752554297358
103.55635617255165 464.38740572077785
16.779684120440734 54.03798421428968
39.96271646768036 211.4845508564447
74.46132743467858 313.6965331671265
14.779794639592975 77.49770492520136
-13.432076656465284 -15.049868893191148
85.85230034924987 465.77022771551793
66.31685068702518 358.3779442990856
17.959973959247055 85.19355643168869
72.63196583886838 376.2462272280698
28.75086424255012 245.34842058460052
39.891052320774854 114.4513321933448
22.980584612578394 161.05587582611787
59.81298196189852 349.10908997293586
87.29342129658036 397.8029803816424
10.796838450946415 -17.217022370291744
38.9419535797741 133.92258562799046
40.15130308607647 209.2521513302879
13.557105634229963 5.909686193291793
85.94363471991224 364.5615547000711
14.553214886138337 13.798986821854582
9.584505046076854 22.185127242701448
26.616864855648238 168.53578866808877
66.33097103015263 345.67561425300585
91.73888776555319 476.6137437180762
69.14243375290599 271.7583599104649
61.30758749906674 235.8451577123198
20.220009808794586 17.798161188625627
10.780193757647913 30.69060546051043
26.542695455891902 66.00604921726321
71.00259730918843 324.59069913209925
48.993127894075414 268.6160780158492
39.298703600243805 180.69689534744006
32.55141466737602 103.66126140901622
56.9225174445005 216.89791436309088
39.8709574388338 118.23605707603919
50.938980742847924 180.1569382670084
33.55533182275474 96.91163681169132
118.20892401842752 423.83079466108666
16.395582463712437 24.411342937850073
51.912339056210804 303.09012200917124
56.57260946403412 370.6467397483444
88.60916619755422 392.40425609536896
0.696335744776678 -14.456544443195714
51.56922028121316 309.6900609035947
46.726677385240734 187.74040927386028
29.3724244696324 148.12829244212188
85.4288943890093 436.67481541426343
63.33967739929786 308.56387419208244
55.171860778527304 226.74996764694953
67.04997868858774 317.645890636832
19.90422537601914 115.26674160251463
79.62858960748176 449.4563190341993
22.52422590839536 59.81305937135841
44.5944361042789 270.4312099717644
78.29391328922662 379.9289857186856
78.19111450111751 282.0542526601161
67.28112956401729 327.7696822842304
91.44568684071427 434.08766284403754
72.04046225939811 245.33673477148056
54.57270689113018 175.2294644868121
44.75216569246793 234.67951030026597
49.979828211709474 240.0047482523354
33.981486023178206 145.47648326132915
63.61731085142889 282.4525852440792
94.42937858405247 387.5225780577697
63.94283279735741 303.10661189301044
41.99043372021229 224.11999314570582
-8.046983767254662 13.655819222197618
36.67050732095612 108.4232861998502
21.194872698945787 220.3303171404452
92.88688373028529 432.70978437412515
15.512637930613161 7.089752200263618
18.220209060086706 173.04129216696555
59.29882035105487 267.3236886270451
53.650338493431725 275.0822058106333
85.25455431179016 362.51274646412946
46.2776817656364 242.86283752070793
110.80719484644752 467.6984634757979
26.32663773421767 88.83404745014951
35.24268099841111 110.60423427038728
54.37906541491756 230.49617915822733
101.15305386480556 422.2564936162925
52.85072853725313 308.52545555830983
27.610911945395593 51.8052195718216
40.70854872872741 253.96830083912084
65.11393134891196 317.3967396569147
55.81817021860466 179.34691565389826
106.35137811488823 393.42313990501
8.146032093544424 93.18211436716065
102.74855915881388 498.8531766699984
93.54562693589085 432.46160112863834
71.0810111002595 271.9930296198169
39.37753071938096 147.4282000688546
33.12526052604662 177.411813596435
9.302083387527789 3.376664646137402
70.62388852816441 313.8320451142658
60.100770889910756 397.6881653280769
28.59686767906622 100.56597023308659
84.19083826272818 431.2187221956272
101.70071117196395 425.3202054528116
60.11715291297339 313.89286162370433
34.00101189395921 225.04023256623518
16.06585260641825 15.753192545040282
40.881413834681695 237.48733766567136
71.17324249900898 360.3578547408532
44.41302619569851 271.02063382401144
11.978836705394716 71.49917344090429
61.013506894042834 198.12265273398447
43.9440321030081 165.1769607168481
30.895593474057907 161.40507344098714
42.97956514266683 209.6009714214152
81.18731152989625 251.22000369235693
57.39301649130367 326.2002698523427
37.38938883937025 170.47878891361307
98.35997095924947 460.1113894092876
-15.262177317199928 1.0644105214622748
32.20693765494875 103.27622486597848
22.19063299887827 79.78448788107484
10.07448028273551 27.995641705354988
22.493133797977155 91.34617670589645
61.112678003883595 330.7906848783764
52.05282166876073 249.06250160431304
28.17131268281533 39.25197425133838
10.095598278692483 94.07523180440569
30.760776238738867 106.53859873046949
48.592874980413036 264.0582773159292
-16.19739947833943 -4.4428579701842015
87.49091993975671 341.2680444370048
45.82001538586591 194.27603782089636
83.7134221951417 385.44104788111713
27.99272137642182 23.57422847229066
14.161646975907164 41.215324624307435
51.23194833486161 209.81179854963878
14.665252500158912 94.049704200017
102.28501590239367 457.7324938206929
91.17599369910182 333.95324871220447
85.13339878820872 392.90856519892736
66.10777182030716 281.18906920430595
14.1769678436149 78.15867191401324
78.54617519000539 386.5238448502469
39.49409752781749 150.997720407944
-3.427836291980557 16.072097903086366
7.890527028220187 59.99743906735376
40.572964530522746 220.74989401817513
63.39968664897011 289.00178255898635
47.38238735967026 206.38820530059084
33.64210595365727 180.97453029977459
45.51191609978878 234.20591980109631
27.83868793707261 246.47385120625862
37.57726565519893 151.53285316692586
77.10083343606082 369.614037202896
81.07927872395035 348.7123690871901
9.771861785166648 28.71981059280345
116.76059576484464 436.42386339151284
56.070901979661116 281.14768885072795
13.618965863960732 59.481824840292724
100.19818720534957 388.9176260457322
58.27511833937233 317.2172256584479
2.560423472959748 35.84603518393564
95.93050607680684 416.8486091254495
47.59180892457994 287.4111558565007
11.50345042864537 11.6887987879452
92.58934917029947 489.9172945504764
25.131073292851145 100.70473531122283
26.84920507582651 119.30206715329173
55.933121991769745 329.1073329870136
92.90152314280014 433.37832653223495
29.800781354535644 142.0107555246693
75.2409735449343 320.52597548664454
97.95727917903541 485.84998928648264
42.0254939479461 221.49184552011582
96.24968832689969 402.2950697361621
91.83100078545438 375.82209540731384
-9.65003306744735 -2.816986263099377
83.6524125402583 383.2617571442442
9.558213963666837 53.24855049772014
76.23064956000415 439.45833919389287
56.209649934961696 357.0133893318035
43.07252377195736 171.2806886924063
17.299737109390527 105.94896250683124
93.39351492241857 408.0416831972095
29.826862899205395 95.7437899970218
103.42625588965495 461.7592122464659
-20.889358451247062 9.91487004913624
-5.441781137166334 -25.13192452896819
89.27022748285978 388.6040476694564
82.59482654077291 346.08836641630614
36.75695643665731 74.2741902931407
21.852463439186565 133.65839772850663
73.3872184276087 323.0170870799044
22.917863535502615 88.55053890369149
